# MFE5210_224040126
factors correlation matrix
| Factor         | ROC_5    | SMA_20   | DMA_10_50 | SMA_RATIO_40 | RSI_14   | ROCD_10_50 |
|----------------|----------|----------|-----------|--------------|----------|------------|
| **ROC_5**      | 1.000000 | -0.021904| 0.086357  | 0.464873     | 0.525071 | 0.022273   |
| **SMA_20**     | -0.021904| 1.000000 | -0.044476 | -0.000375    | -0.029351| -0.034102  |
| **DMA_10_50**  | 0.086357 | -0.044476| 1.000000  | 0.644982     | 0.325013 | -0.517655  |
| **SMA_RATIO_40**| 0.464873 | -0.000375| 0.644982  | 1.000000     | 0.626473 | -0.654204  |
| **RSI_14**     | 0.525071 | -0.029351| 0.325013  | 0.626473     | 1.000000 | -0.087006  |
| **ROCD_10_50** | 0.022273 | -0.034102| -0.517655 | -0.654204    | -0.087006| 1.000000   |
factors average sharpe
| 因子          | 分组夏普比率（0-4）                         | 平均值  |
|---------------|-------------------------------------------|--------|
| **ROC_5**     | 0.009896, 0.039568, 0.041378, 0.030770, -0.004229 | 0.0235 |
| **SMA_20**    | 0.057338, 0.038258, 0.033213, 0.015174, -0.022324 | 0.0243 |
| **DMA_10_50** | 0.027803, 0.043345, 0.047270, 0.039338, -0.039169 | 0.0237 |
| **SMA_RATIO_40** | 0.030293, 0.034403, 0.038410, 0.032205, -0.019318 | 0.0232 |
| **RSI_14**    | 0.019297, 0.031406, 0.035197, 0.026060, 0.002743  | 0.0229 |
| **ROCD_10_50** | -0.008893, 0.024651, 0.036070, 0.037140, 0.030128 | 0.0238 |
# 量价-动量因子分析

## 概述
本Jupyter Notebook实现了一个全市场股票的量价-动量因子分析框架，包含数据预处理、因子计算、因子评价和回测分析模块。适用于量化策略研究和因子有效性验证。

---

## 主要功能模块

### 1. 数据预处理
- 从CSV文件加载收盘价(`close.csv`)和成交量(`volume.csv`)数据
- 数据清洗（无效列删除、日期标准化、列名统一）
- 数据类型转换和异常值处理
### 2. 因子计算
- 实现6种动量因子：
  - 简单移动平均(SMA)
  - 变化率(ROC) 
  - 移动平均比率(SMA_RATIO)
  - 双移动平均差(DMA)
  - 相对强弱指数(RSI)
  - 变化率差(ROCD)
- 因子标准化和极值处理
### 3. 因子评价
- 信息系数(IC)计算
- 因子相关性矩阵可视化
- 分组回测（5分组）
- 绩效指标分析：
  - 累计收益率
  - 年化夏普比率
  - 最大回撤
  - 年化波动率
### 4. 可视化
- 累积收益曲线
- 夏普比率对比图
- 因子相关性热力图

---

## 使用说明

### 依赖环境
- Python 3.6+
- 主要依赖库：
  ```bash
  pandas, numpy, seaborn, matplotlib, scipy
